2.005223e-01
2.314563e-01
2.623902e-01
2.933242e-01
3.551921e-01
4.170601e-01
5.919421e-01
6.502361e-01
7.085300e-01
7.668240e-01
8.834120e-01
1
1.300000e+00
1.400000e+00
1.500000e+00
1.600000e+00
1.800000e+00
2
3.297589e-01
3.626577e-01
3.955565e-01
4.284553e-01
4.942529e-01
5.600504e-01
6.920353e-01
7.360303e-01
7.800252e-01
8.240202e-01
9.120101e-01
1
1.300000e+00
1.400000e+00
1.500000e+00
1.600000e+00
1.800000e+00
2
3.945542e-01
4.222194e-01
4.498846e-01
4.775498e-01
5.328802e-01
5.882106e-01
7.117474e-01
7.529264e-01
7.941053e-01
8.352842e-01
9.176421e-01
1
1.300000e+00
1.400000e+00
1.500000e+00
1.600000e+00
1.800000e+00
2
5.597869e-01
5.864422e-01
6.130975e-01
6.397529e-01
6.930635e-01
7.463741e-01
8.224619e-01
8.478245e-01
8.731871e-01
8.985496e-01
9.492748e-01
1
1.300000e+00
1.400000e+00
1.500000e+00
1.600000e+00
1.800000e+00
2
5.198745e-01
5.435031e-01
5.671318e-01
5.907604e-01
6.380177e-01
6.852751e-01
7.796925e-01
8.111650e-01
8.426375e-01
8.741100e-01
9.370550e-01
1
1.300000e+00
1.400000e+00
1.500000e+00
1.600000e+00
1.800000e+00
2
3.509583e-01
3.620733e-01
3.731882e-01
3.843031e-01
4.065330e-01
4.287628e-01
6.001340e-01
6.572577e-01
7.143814e-01
7.715051e-01
8.857526e-01
1
1.300000e+00
1.400000e+00
1.500000e+00
1.600000e+00
1.800000e+00
2
3.017509e-01
3.312752e-01
3.607995e-01
3.903238e-01
4.493724e-01
5.084210e-01
6.558947e-01
7.050526e-01
7.542105e-01
8.033684e-01
9.016842e-01
1
1.300000e+00
1.400000e+00
1.500000e+00
1.600000e+00
1.800000e+00
2
3.732540e-01
4.100503e-01
4.468467e-01
4.836430e-01
5.572357e-01
6.308285e-01
7.415799e-01
7.784971e-01
8.154142e-01
8.523314e-01
9.261657e-01
1
1.300000e+00
1.400000e+00
1.500000e+00
1.600000e+00
1.800000e+00
2
2.232393e-01
2.540916e-01
2.849439e-01
3.157962e-01
3.775008e-01
4.392053e-01
6.074437e-01
6.635232e-01
7.196027e-01
7.756821e-01
8.878411e-01
1
1.300000e+00
1.400000e+00
1.500000e+00
1.600000e+00
1.800000e+00
2
2.427008e-01
2.907090e-01
3.387171e-01
3.867253e-01
4.827416e-01
5.787580e-01
7.051306e-01
7.472548e-01
7.893790e-01
8.315032e-01
9.157516e-01
1
1.300000e+00
1.400000e+00
1.500000e+00
1.600000e+00
1.800000e+00
2
1.924203e-01
2.311403e-01
2.698602e-01
3.085802e-01
3.860201e-01
4.634600e-01
6.244220e-01
6.780760e-01
7.317300e-01
7.853840e-01
8.926920e-01
1
1.300000e+00
1.400000e+00
1.500000e+00
1.600000e+00
1.800000e+00
2
2.645469e-01
2.867737e-01
3.090005e-01
3.312274e-01
3.756811e-01
4.201347e-01
5.940943e-01
6.520808e-01
7.100674e-01
7.680539e-01
8.840269e-01
1
1.300000e+00
1.400000e+00
1.500000e+00
1.600000e+00
1.800000e+00
2
3.333857e-01
3.472378e-01
3.610899e-01
3.749420e-01
4.026463e-01
4.303505e-01
6.012454e-01
6.582103e-01
7.151753e-01
7.721402e-01
8.860701e-01
1
1.300000e+00
1.400000e+00
1.500000e+00
1.600000e+00
1.800000e+00
2
1.592668e-01
1.641361e-01
1.690054e-01
1.738747e-01
1.836133e-01
1.933519e-01
4.353463e-01
5.160111e-01
5.966759e-01
6.773407e-01
8.386704e-01
1
1.300000e+00
1.400000e+00
1.500000e+00
1.600000e+00
1.800000e+00
2
3.582645e-01
4.012911e-01
4.443177e-01
4.873442e-01
5.733974e-01
6.594505e-01
7.616154e-01
7.956703e-01
8.297253e-01
8.637802e-01
9.318901e-01
1
1.300000e+00
1.400000e+00
1.500000e+00
1.600000e+00
1.800000e+00
2
7.217600e-01
7.588787e-01
7.959973e-01
8.331160e-01
9.073533e-01
9.815906e-01
9.871134e-01
9.889544e-01
9.907953e-01
9.926362e-01
9.963181e-01
1
1.300000e+00
1.400000e+00
1.500000e+00
1.600000e+00
1.800000e+00
2
3.463137e-01
4.011979e-01
4.560820e-01
5.109662e-01
6.207345e-01
7.305028e-01
8.113519e-01
8.383017e-01
8.652514e-01
8.922011e-01
9.461006e-01
1
1.300000e+00
1.400000e+00
1.500000e+00
1.600000e+00
1.800000e+00
2
4.083419e-01
4.163088e-01
4.242757e-01
4.322426e-01
4.481765e-01
4.641104e-01
6.248773e-01
6.784662e-01
7.320552e-01
7.856441e-01
8.928221e-01
1
1.300000e+00
1.400000e+00
1.500000e+00
1.600000e+00
1.800000e+00
2
2.566368e-01
3.098493e-01
3.630618e-01
4.162742e-01
5.226992e-01
6.291241e-01
7.403869e-01
7.774744e-01
8.145620e-01
8.516496e-01
9.258248e-01
1
1.300000e+00
1.400000e+00
1.500000e+00
1.600000e+00
1.800000e+00
2
3.159338e-01
3.372568e-01
3.585799e-01
3.799029e-01
4.225490e-01
4.651951e-01
6.256366e-01
6.791171e-01
7.325975e-01
7.860780e-01
8.930390e-01
1
1.300000e+00
1.400000e+00
1.500000e+00
1.600000e+00
1.800000e+00
2
;

