4.273188e-03
4.361906e-03
4.633839e-03
5.096098e-03
6.682672e-03
9.341349e-03
4.209641e-02
3.418249e-02
3.042481e-02
2.900231e-02
3.050788e-02
3.616683e-02
1.151264e-01
9.156513e-02
7.988368e-02
7.468898e-02
7.572368e-02
8.671851e-02
2.060417e-02
1.723252e-02
1.571879e-02
1.529103e-02
1.661254e-02
2.023941e-02
6.436981e-02
5.148842e-02
4.506755e-02
4.219350e-02
4.278191e-02
4.905639e-02
1.219925e-01
9.668904e-02
8.387841e-02
7.784811e-02
7.762002e-02
8.759280e-02
3.800829e-02
3.027869e-02
2.625113e-02
2.422929e-02
2.370000e-02
2.625482e-02
7.382044e-02
5.853934e-02
5.053076e-02
4.644352e-02
4.507183e-02
4.956809e-02
1.291871e-01
1.019782e-01
8.763954e-02
8.020805e-02
7.721023e-02
8.426928e-02
1.524109e-02
1.332548e-02
1.263149e-02
1.271003e-02
1.461224e-02
1.862142e-02
4.038328e-02
3.197368e-02
2.772340e-02
2.572859e-02
2.566479e-02
2.896610e-02
2.685467e-02
2.446094e-02
2.394810e-02
2.473507e-02
2.958941e-02
3.880910e-02
1.382282e-02
1.138679e-02
1.028665e-02
9.954767e-03
1.078215e-02
1.311584e-02
2.502223e-02
2.004312e-02
1.763068e-02
1.663441e-02
1.718430e-02
2.001823e-02
1.512720e-02
1.473294e-02
1.520845e-02
1.642315e-02
2.111029e-02
2.921197e-02
1.024658e-02
8.804763e-03
8.244971e-03
8.228208e-03
9.373360e-03
1.188277e-02
1.730251e-02
1.423471e-02
1.282572e-02
1.236685e-02
1.328299e-02
1.604116e-02
5.051447e-02
4.007615e-02
3.487722e-02
3.252975e-02
3.282263e-02
3.741267e-02
2.186727e-02
1.731025e-02
1.499854e-02
1.390362e-02
1.383054e-02
1.557219e-02
4.950153e-02
3.949841e-02
3.449068e-02
3.221688e-02
3.252297e-02
3.713905e-02
8.195080e-02
6.730595e-02
6.039575e-02
5.788592e-02
6.128079e-02
7.304782e-02
3.689863e-02
2.972585e-02
2.604545e-02
2.428044e-02
2.419047e-02
2.724511e-02
9.279734e-02
7.416718e-02
6.450143e-02
5.970945e-02
5.872655e-02
6.538336e-02
1.490091e-01
1.188408e-01
1.031446e-01
9.529874e-02
9.339656e-02
1.036468e-01
9.151800e-03
7.244507e-03
6.280225e-03
5.827175e-03
5.810451e-03
6.555357e-03
2.096295e-02
1.774224e-02
1.636389e-02
1.608476e-02
1.780408e-02
2.203163e-02
7.135457e-02
5.632867e-02
4.869814e-02
4.506329e-02
4.469536e-02
5.016249e-02
1.182400e-02
9.399202e-03
8.169257e-03
7.589491e-03
7.572400e-03
8.554088e-03
7.276495e-02
5.742385e-02
4.955512e-02
4.571751e-02
4.499892e-02
5.017157e-02
1.189578e-01
9.466915e-02
8.237122e-02
7.660696e-02
7.659099e-02
8.668834e-02
1.018123e-02
8.174502e-03
7.197787e-03
6.790702e-03
7.005831e-03
8.157876e-03
6.131943e-02
4.930332e-02
4.347204e-02
4.106786e-02
4.247603e-02
4.957810e-02
1.260930e-01
1.021744e-01
9.076243e-02
8.635627e-02
9.052256e-02
1.069739e-01
1.824192e-02
1.493948e-02
1.337063e-02
1.278408e-02
1.347560e-02
1.600324e-02
4.923565e-02
3.879601e-02
3.346193e-02
3.087928e-02
3.044456e-02
3.398010e-02
7.509457e-02
6.398461e-02
5.931673e-02
5.852948e-02
6.512272e-02
8.087906e-02
5.727261e-02
4.493271e-02
3.838363e-02
3.492335e-02
3.323930e-02
3.588768e-02
4.261530e-02
3.837567e-02
3.692904e-02
3.730625e-02
4.237914e-02
5.292231e-02
2.067383e-01
1.609563e-01
1.364574e-01
1.232270e-01
1.155630e-01
1.229749e-01
4.273834e-03
3.414981e-03
2.987698e-03
2.797165e-03
2.838101e-03
3.255892e-03
3.588386e-03
3.132067e-03
2.964836e-03
2.979824e-03
3.419562e-03
4.351840e-03
3.257448e-02
2.565067e-02
2.212075e-02
2.041893e-02
2.015262e-02
2.250736e-02
4.367735e-03
4.239692e-03
4.366481e-03
4.707338e-03
6.037020e-03
8.341550e-03
2.504128e-02
2.066507e-02
1.869934e-02
1.812373e-02
1.968401e-02
2.400176e-02
4.595852e-02
3.675662e-02
3.228375e-02
3.041449e-02
3.133004e-02
3.639661e-02
1.024031e-02
9.412989e-03
9.302971e-03
9.703514e-03
1.183418e-02
1.577573e-02
2.222472e-02
1.903376e-02
1.777296e-02
1.769330e-02
2.007480e-02
2.536895e-02
3.119071e-02
2.517714e-02
2.228318e-02
2.112729e-02
2.200195e-02
2.584473e-02
2.507050e-03
2.147357e-03
1.999600e-03
1.980662e-03
2.217690e-03
2.767871e-03
1.621351e-02
1.276583e-02
1.100219e-02
1.014526e-02
9.987230e-03
1.113026e-02
1.805255e-02
1.468489e-02
1.306063e-02
1.241500e-02
1.294931e-02
1.523644e-02
8.305780e-02
6.566305e-02
5.651265e-02
5.179362e-02
4.999240e-02
5.470180e-02
1.033288e-01
8.130901e-02
6.966213e-02
6.356457e-02
6.083773e-02
6.603788e-02
2.269450e-01
1.780633e-01
1.521231e-01
1.384209e-01
1.317678e-01
1.422892e-01
4.555372e-03
3.612856e-03
3.137833e-03
2.916851e-03
2.919015e-03
3.304843e-03
2.203656e-02
1.836858e-02
1.671544e-02
1.623547e-02
1.761064e-02
2.143473e-02
2.075860e-02
1.957449e-02
1.965996e-02
2.070850e-02
2.548085e-02
3.407075e-02
2.663625e-02
2.151034e-02
1.898032e-02
1.789096e-02
1.834523e-02
2.125454e-02
4.216702e-02
3.500093e-02
3.167431e-02
3.056059e-02
3.266887e-02
3.924164e-02
7.670604e-02
6.586957e-02
6.139143e-02
6.078174e-02
6.783770e-02
8.435523e-02
