1.110367e-02
1.076516e-02
1.056206e-02
1.042665e-02
1.025740e-02
1.015585e-02
1.093855e-01
8.436221e-02
6.934825e-02
5.933894e-02
4.682730e-02
3.932032e-02
2.991504e-01
2.259823e-01
1.820814e-01
1.528142e-01
1.162302e-01
9.427975e-02
4.849813e-02
3.870848e-02
3.283469e-02
2.891883e-02
2.402401e-02
2.108711e-02
1.515138e-01
1.156557e-01
9.414079e-02
7.979755e-02
6.186849e-02
5.111105e-02
2.871462e-01
2.171874e-01
1.752121e-01
1.472286e-01
1.122492e-01
9.126151e-02
6.850259e-02
5.264146e-02
4.312477e-02
3.678032e-02
2.884975e-02
2.409141e-02
1.330470e-01
1.017744e-01
8.301082e-02
7.050177e-02
5.486545e-02
4.548365e-02
2.328348e-01
1.772957e-01
1.439723e-01
1.217567e-01
9.398717e-02
7.732546e-02
3.673927e-02
3.062011e-02
2.694861e-02
2.450095e-02
2.144137e-02
1.960562e-02
9.734555e-02
7.347109e-02
5.914641e-02
4.959663e-02
3.765940e-02
3.049706e-02
6.473430e-02
5.620786e-02
5.109200e-02
4.768143e-02
4.341821e-02
4.086028e-02
3.788687e-02
2.956170e-02
2.456660e-02
2.123653e-02
1.707394e-02
1.457639e-02
6.858326e-02
5.203475e-02
4.210564e-02
3.548624e-02
2.721198e-02
2.224742e-02
4.146203e-02
3.824879e-02
3.632084e-02
3.503555e-02
3.342893e-02
3.246496e-02
2.662525e-02
2.173011e-02
1.879303e-02
1.683497e-02
1.438740e-02
1.291886e-02
4.495974e-02
3.513121e-02
2.923408e-02
2.530267e-02
2.038840e-02
1.743984e-02
1.312594e-01
9.890775e-02
7.949676e-02
6.655610e-02
5.038028e-02
4.067479e-02
5.147123e-02
3.888308e-02
3.133019e-02
2.629493e-02
2.000086e-02
1.622441e-02
1.165168e-01
8.872314e-02
7.204695e-02
6.092949e-02
4.703266e-02
3.869457e-02
1.928959e-01
1.511857e-01
1.261596e-01
1.094755e-01
8.862040e-02
7.610734e-02
6.650263e-02
5.168030e-02
4.278690e-02
3.685797e-02
2.944680e-02
2.500010e-02
1.672492e-01
1.289444e-01
1.059615e-01
9.063960e-02
7.148719e-02
5.999574e-02
2.685601e-01
2.066123e-01
1.694436e-01
1.446645e-01
1.136906e-01
9.510627e-02
2.206079e-02
1.664688e-02
1.339853e-02
1.123296e-02
8.526003e-03
6.901829e-03
5.053206e-02
4.076921e-02
3.491150e-02
3.100636e-02
2.612493e-02
2.319608e-02
1.720031e-01
1.294355e-01
1.038949e-01
8.686785e-02
6.558403e-02
5.281374e-02
2.658007e-02
2.020520e-02
1.638028e-02
1.383034e-02
1.064290e-02
8.730443e-03
1.635739e-01
1.234425e-01
9.936362e-02
8.331106e-02
6.324535e-02
5.120593e-02
2.674144e-01
2.035076e-01
1.651636e-01
1.396009e-01
1.076476e-01
8.847555e-02
2.645543e-02
2.017463e-02
1.640615e-02
1.389383e-02
1.075343e-02
8.869184e-03
1.593356e-01
1.216803e-01
9.908722e-02
8.402513e-02
6.519753e-02
5.390096e-02
3.276464e-01
2.521660e-01
2.068777e-01
1.766856e-01
1.389453e-01
1.163012e-01
4.293786e-02
3.355774e-02
2.792967e-02
2.417762e-02
1.948756e-02
1.667352e-02
1.158910e-01
8.714538e-02
6.989802e-02
5.839979e-02
4.402699e-02
3.540331e-02
1.767577e-01
1.437252e-01
1.239056e-01
1.106926e-01
9.417634e-02
8.426658e-02
1.032228e-01
7.811841e-02
6.305578e-02
5.301403e-02
4.046183e-02
3.293052e-02
7.680584e-02
6.671857e-02
6.066621e-02
5.663130e-02
5.158766e-02
4.856148e-02
3.726057e-01
2.798329e-01
2.241691e-01
1.870600e-01
1.406736e-01
1.128417e-01
1.030225e-02
7.847154e-03
6.374095e-03
5.392055e-03
4.164506e-03
3.427976e-03
8.649951e-03
7.197058e-03
6.325322e-03
5.744164e-03
5.017717e-03
4.581849e-03
7.852212e-02
5.894170e-02
4.719345e-02
3.936128e-02
2.957107e-02
2.369695e-02
1.197149e-02
1.100684e-02
1.042804e-02
1.004218e-02
9.559847e-03
9.270449e-03
6.863547e-02
5.364943e-02
4.465780e-02
3.866339e-02
3.117037e-02
2.667455e-02
1.259674e-01
9.542535e-02
7.710012e-02
6.488330e-02
4.961228e-02
4.044967e-02
2.660896e-02
2.323121e-02
2.120456e-02
1.985346e-02
1.816459e-02
1.715126e-02
5.774985e-02
4.697524e-02
4.051047e-02
3.620062e-02
3.081332e-02
2.758094e-02
8.104754e-02
6.213707e-02
5.079078e-02
4.322659e-02
3.377135e-02
2.809821e-02
5.901099e-03
4.823492e-03
4.176928e-03
3.745885e-03
3.207082e-03
2.883800e-03
3.816339e-02
2.867519e-02
2.298228e-02
1.918700e-02
1.444290e-02
1.159644e-02
4.249213e-02
3.298587e-02
2.728211e-02
2.347961e-02
1.872648e-02
1.587460e-02
1.496956e-01
1.141594e-01
9.283774e-02
7.862328e-02
6.085520e-02
5.019435e-02
1.862302e-01
1.413609e-01
1.144394e-01
9.649172e-02
7.405710e-02
6.059633e-02
4.090244e-01
3.095745e-01
2.499045e-01
2.101245e-01
1.603995e-01
1.305645e-01
1.098091e-02
8.301842e-03
6.694400e-03
5.622772e-03
4.283236e-03
3.479515e-03
5.312003e-02
4.220846e-02
3.566151e-02
3.129688e-02
2.584109e-02
2.256762e-02
5.003945e-02
4.497947e-02
4.194348e-02
3.991948e-02
3.738949e-02
3.587150e-02
5.987765e-02
4.624018e-02
3.805770e-02
3.260271e-02
2.578397e-02
2.169273e-02
9.479044e-02
7.524052e-02
6.351057e-02
5.569060e-02
4.591564e-02
4.005066e-02
1.724333e-01
1.415980e-01
1.230968e-01
1.107626e-01
9.534494e-02
8.609433e-02
